5250
10628
15870
29847
49683
124670
124110
335930
5054
9419
14490
28930
49850
111720
132999
324099
5436
10290
15890
32550
46270
116200
123900
310799
3150
5950
9170
17360
28210
70210
86800
168700
3150
5670
8259
17080
26670
70700
73080
174300
3570
4970
1260
17010
22701
24500
62299
14000
2310
5460
8400
18970
24080
53899
72100
134400
2660
5740
7980
17010
24920
72800
68670
171500
2730
5663
8890
17710
24780
57330
62930
167230
8330
12320
31500
56000
78393
165893
241500
407400
8540
13160
25970
52563
79785
157429
180599
448699
9380
11760
27720
57400
86041
199966
266699
446109
3920
7000
11309
22890
33040
65870
80500
161699
4270
5810
13185
27334
36557
88900
105000
207200
3850
6370
12390
25970
37660
77699
97510
196070
4620
5950
15330
38780
56280
10710
121240
211330
4340
5880
11901
27790
47110
92960
105149
193090
4987
9897
12460
28244
37253
76930
97136
165321
5320
10710
16100
35700
37170
111300
98070
315699
4970
10290
15890
37953
34110
109427
102460
324699
4891
9729
14490
36260
37030
117282
118752
324707
3010
6860
9730
23240
24850
57236
59430
175350
2480
6720
8960
20650
23886
60830
57610
172502
3010
6790
10430
23730
24360
57399
49699
172199
3500
5950
9590
22470
19320
58240
56840
153650
3570
5530
9870
19040
17779
62790
49840
177800
3290
5810
10640
19390
22610
67130
57330
163170
19530
33530
63350
153993
151200
10911
17905
32144
109192
77532
18130
28980
59430
130830
152530
8540
18550
28420
62294
95543
11480
18340
38080
75530
104230
14700
23170
49490
93030
137130
4427
11054
14112
39130
37240
7473
11760
17248
43225
45500
7330
9996
13720
33625
33124
12810
26110
45150
83230
94990
11690
25130
36330
71050
89460
7560
16170
22330
53830
62650
6426
9016
16464
38675
37492
9044
12152
21952
55055
54600
7235
10976
19600
53235
56784
7029
15395
20406
54349
58432
10175
25235
27693
64122
90917
10035
20820
28394
65402
66047
6580
14560
18200
48370
55230
7140
14350
19295
49070
57330
5320
11690
17780
43330
48930
6510
12740
24640
46340
72100
14840
20370
36960
65030
97089
14980
19389
33530
70140
81130
7138
11933
19489
43406
61811
12740
24780
36400
83790
116130
12950
24664
33358
76996
97285
11899
20299
24542
53728
59570
10640
22802
33530
75590
76361
12950
27896
36391
70609
74191
7973
16240
21698
42840
76230
11410
21630
32550
59259
90930
10710
22593
30380
57890
81830
6230
13440
19040
44030
65264
9030
22610
29416
69464
90998
9870
21630
29890
59195
81840
6811
13878
21128
54285
65787
8053
16356
27753
75597
59663
7898
14013
28989
35104
157298
8690
22493
20284
45917
40282
15810
22629
23283
64124
47607
9882
19631
25199
57481
110715
4410
9169
18549
37386
53867
7840
18480
26528
67580
68282
8540
17137
22736
59430
64562
18865
35910
44071
103066
128730
19390
30730
42110
89124
145530
18480
34220
48781
110420
124587